Abuse001_x264 270 320 1020 1080 1820 1850 2310 2370
Abuse002_x264 300 860
Abuse003_x264 930 1150 2080 2250 3290 3420
Abuse004_x264 890 1960 2860 5340
Abuse005_x264 680 930
Abuse006_x264 280 2230
Abuse007_x264 90 130
Abuse008_x264 4480 4510
Abuse009_x264 410 660
Abuse010_x264 100 410 610 780
Abuse011_x264 390 500 650 2780 3240 3380
Abuse012_x264 340 1990 2510 5120
Abuse013_x264 20 1580
Abuse014_x264 1160 1380
Abuse015_x264 2850 3080 5140 5390 5610 6730 7560 7760
Abuse016_x264 450 1230
Abuse017_x264 850 1060 1340 1660
Abuse018_x264 1160 1750 1800 2410
Abuse019_x264 1960 3560
Abuse020_x264 2020 2760
Abuse021_x264 1230 1420
Abuse022_x264 180 2440
Abuse023_x264 20 370 520 990
Abuse024_x264 560 1020
Abuse026_x264 120 1980
Abuse029_x264 30 220
Abuse031_x264 500 2470 2680 4370
Abuse033_x264 1130 2490
Abuse034_x264 770 1080
Abuse035_x264 40 1230
Abuse037_x264 150 720
Abuse038_x264 340 600
Abuse039_x264 11360 13910
Abuse042_x264 6500 7000
Abuse043_x264 1020 2700 3090 3850
Abuse044_x264 2220 3550
Abuse045_x264 0 1700
Abuse046_x264 360 450
Abuse047_x264 930 1080
Abuse048_x264 760 1640 2950 3400
Abuse049_x264 870 930
Abuse050_x264 290 670 1570 1870 2340 2570 2860 4680
arrest002_x264 150 1750
arrest003_x264 640 1120 1360 1900 2110 2330
arrest004_x264 400 3140
arrest005_x264 10 1030 1090 3030
arrest006_x264 300 350 510 520 560 2850
arrest008_x264 300 840 920 2090 2200 2680 3180 4440 5020 5410
arrest009_x264 30 290 650 1710
arrest010_x264 430 900 1000 1570 1770 2230
arrest011_x264 610 2119
arrest012_x264 560 1000 1330 2050
arrest013_x264 60 990
arrest014_x264 630 1120
arrest015_x264 280 850
arrest016_x264 1100 2020 6980 7080 9730 10000
arrest017_x264 700 1650
arrest019_x264 20 780 1220 1340
arrest020_x264 2000 2550 2610 2910
arrest021_x264 1950 2800 5150 8320
arrest022_x264 240 1470
arrest023_x264 60 130 140 720
arrest024_x264 1120 1170
arrest025_x264 0 290 320 710 720 1050
arrest026_x264 540 2550 3350 5880
arrest027_x264 790 930 950 1700
arrest028_x264 720 2370
arrest029_x264 310 1110 1330 6570 6730 7390
arrest031_x264 1360 1820
arrest032_x264 60 580 650 1140 1190 1670
arrest033_x264 320 800 810 2880 4240 7260
arrest034_x264 2410 5980
arrest035_x264 110 3930 3970 6180
arrest036_x264 900 3460
arrest037_x264 260 2130
arrest038_x264 60 2190
arrest040_x264 400 1460
arrest041_x264 470 3660
arrest042_x264 280 1550
arrest043_x264 1450 10720
arrest044_x264 220 1620 2350 3370
arrest046_x264 220 7700
arrest047_x264 1920 8850 42040 45060
arrest048_x264 650 3990
arrest049_x264 430 8660
arrest050_x264 2050 6960
arrest051_x264 2470 8570
Arson001_x264 1890 3360
Arson002_x264 300 4200
Arson003_x264 150 450 880 2000 2770 4010
Arson005_x264 100 180 620 1170
Arson006_x264 670 2600
Arson008_x264 120 530 660 1060
Arson012_x264 160 360 370 630 660 810 820 880
Arson013_x264 5260 5750
Arson014_x264 590 2630
Arson015_x264 6250 8020 9720 10200
Arson019_x264 12050 25000
Arson020_x264 1380 2420
Arson021_x264 1060 1440
Arson023_x264 350 1350
Arson024_x264 1430 3360
Arson025_x264 180 2080 2090 4730
Arson026_x264 720 5800
Arson027_x264 1030 2480
Arson028_x264 1570 2400
Arson029_x264 770 1340
Arson030_x264 390 2000
Arson031_x264 1150 1460 2390 2700
Arson032_x264 130 1160 1700 2070 2330 2750
Arson034_x264 1140 2350
Arson036_x264 1560 1690
Arson037_x264 400 480 490 800
Arson038_x264 0 240 400 610
Arson039_x264 170 320 2500 2630
Arson040_x264 370 500 1200 2840
Arson042_x264 3960 5790
Arson044_x264 0 1190
Arson045_x264 3550 3750
Arson046_x264 1800 2050
Arson047_x264 430 1430
Arson048_x264 190 320
Arson049_x264 50 380
Arson050_x264 850 1580
Arson051_x264 540 1030
Arson052_x264 810 1300 1750 1900
Arson053_x264 4350 5400 5720 6750
Assault001_x264 140 900 1720 1990
Assault002_x264 180 1800
Assault003_x264 330 2840
Assault004_x264 750 2690
Assault005_x264 140 1060
Assault007_x264 650 1850
Assault008_x264 400 1300 2200 7400
Assault009_x264 440 700
Assault012_x264 320 400
Assault013_x264 450 820
Assault014_x264 210 860
Assault015_x264 420 1260
Assault016_x264 480 1430 3460 3530
Assault017_x264 650 1310
Assault018_x264 30 100
Assault019_x264 990 1400
Assault020_x264 10 130
Assault022_x264 100 780
Assault023_x264 890 920
Assault024_x264 120 440
Assault025_x264 430 1050
Assault026_x264 200 840
Assault027_x264 2550 2600
Assault028_x264 730 2030
Assault029_x264 0 460
Assault030_x264 670 1120
Assault031_x264 200 380
Assault032_x264 220 280
Assault033_x264 660 1240
Assault034_x264 1580 2250
Assault035_x264 100 660
Assault036_x264 100 880
Assault037_x264 530 720 2670 2780
Assault038_x264 70 100
Assault039_x264 130 200
Assault040_x264 750 2040
Assault041_x264 4720 4740
Assault042_x264 170 1630
Assault044_x264 50 480
Assault046_x264 20 70
Assault047_x264 70 750
Assault048_x264 200 290
Assault049_x264 370 850
Assault050_x264 80 600
Assault051_x264 170 480
Assault052_x264 210 540
Burglary001_x264 300 3100
Burglary002_x264 270 2690
Burglary003_x264 0 400
Burglary004_x264 400 1400
Burglary007_x264 200 480
Burglary008_x264 2110 2400
Burglary009_x264 780 1850
Burglary010_x264 2850 5370
Burglary011_x264 70 1850
Burglary012_x264 10 1690
Burglary013_x264 150 1980
Burglary014_x264 0 2550
Burglary016_x264 1450 5220
Burglary019_x264 30 2460
Burglary020_x264 330 2610
Burglary023_x264 50 760 1250 4330 4800 5380 6590 7430 9040 9550
Burglary025_x264 370 1870 2260 3850 4140 5380
Burglary026_x264 70 450 930 1360
Burglary027_x264 300 1170
Burglary028_x264 10 910
Burglary029_x264 30 4440
Burglary030_x264 310 870
Burglary031_x264 1900 5630
Burglary034_x264 330 1040
Burglary036_x264 30 970
Burglary038_x264 0 490
Burglary039_x264 6850 7300 7610 9020
Burglary040_x264 4070 4470
Burglary041_x264 150 1000 1250 1710
Burglary042_x264 2650 3910
Burglary043_x264 270 490
Burglary044_x264 110 3170
Burglary045_x264 1650 3700 3960 4760 4930 6890 7340 7780 8370 10950
Burglary046_x264 1300 2260
Burglary047_x264 340 2580
Burglary048_x264 200 1250
Burglary049_x264 20 570 1580 9050
Burglary050_x264 290 810
Burglary051_x264 20 1240
Burglary052_x264 1320 9660
Burglary053_x264 2670 2980
Burglary054_x264 0 290
Burglary055_x264 1100 1640 1900 2220
Burglary056_x264 0 1390
Burglary057_x264 0 5530
Burglary058_x264 90 670 1880 4570 5090 7670 8270 10860 11100 11320
Burglary059_x264 20 390
Burglary060_x264 60 510
Burglary062_x264 1660 5540 6980 9360
Burglary063_x264 520 2600 3230 3690
Burglary064_x264 180 46600
Burglary065_x264 2520 5460 5910 6370
Burglary066_x264 150 1590
Burglary067_x264 120 810
Burglary068_x264 230 450 600 660
Burglary069_x264 50 2100
Burglary070_x264 360 740
Burglary071_x264 250 2650 2880 2950
Burglary072_x264 170 640 2110 2300
Burglary073_x264 440 2610
Burglary074_x264 140 1980
Burglary075_x264 15180 15450
Burglary077_x264 90 1840
Burglary078_x264 10 290
Burglary080_x264 100 1100
Burglary081_x264 0 410
Burglary082_x264 800 1180 1330 2010
Burglary084_x264 60 4270
Burglary085_x264 0 160 450 1210 1420 1630 1900 1930 2530 2570
Burglary086_x264 0 80 920 1000 3150 3220
Burglary087_x264 90 360 730 1480 1930 2090
Burglary088_x264 100 1470 3360 3770 4130 4240
Burglary089_x264 130 3130
Burglary090_x264 210 2330
Burglary091_x264 230 3200
Burglary093_x264 450 660
Burglary094_x264 290 890
Burglary096_x264 730 5950
Burglary097_x264 0 290
Burglary099_x264 10 1330
Burglary100_x264 200 7250
Explosion001_x264 150 410
Explosion003_x264 120 180
Explosion005_x264 1190 1300
Explosion009_x264 230 570 590 1040
Explosion012_x264 110 340 410 570 620 710
Explosion014_x264 320 1240
Explosion015_x264 50 520
Explosion018_x264 70 120 440 610 980 1030
Explosion019_x264 190 350
Explosion023_x264 490 2330
Explosion024_x264 850 1070
Explosion026_x264 90 2280
Explosion030_x264 600 3240
Explosion032_x264 160 340 450 750 910 1100 1210 1510 1540 2110
Explosion034_x264 40 410
Explosion037_x264 150 450 510 960
Explosion038_x264 120 500 1020 1470 1670 1870 2010 2370
Explosion040_x264 990 1580 1670 1870
Explosion041_x264 190 2750
Explosion042_x264 110 2760
Explosion044_x264 110 710
Explosion045_x264 620 750
Explosion046_x264 12030 69670 78020 90140
Explosion047_x264 1120 1380
Explosion048_x264 90 170 270 450
Explosion050_x264 100 270
Explosion051_x264 730 2810
Explosion052_x264 0 900 910 3650
Fighting002_x264 80 1560 2200 2440
Fighting004_x264 0 3350 5070 15900
Fighting005_x264 970 1370
Fighting006_x264 320 760
Fighting007_x264 0 280 1240 2460
Fighting008_x264 2560 2890 4490 4860 6980 13130
Fighting009_x264 300 1680
Fighting010_x264 2800 3000
Fighting011_x264 1990 2900
Fighting012_x264 90 560
Fighting013_x264 110 900
Fighting014_x264 1920 2080
Fighting015_x264 2350 3240
Fighting016_x264 80 1810
Fighting017_x264 540 1160
Fighting019_x264 670 2330
Fighting020_x264 60 2200
Fighting022_x264 630 750 2740 3250
Fighting023_x264 320 530
Fighting024_x264 100 890 1190 2120 3260 3670
Fighting025_x264 980 1440
Fighting026_x264 340 860 2330 2580
Fighting027_x264 2150 3230
Fighting028_x264 270 2190
Fighting029_x264 240 4260
Fighting030_x264 1130 1870
Fighting031_x264 890 1470 2780 3270
Fighting032_x264 490 1300
Fighting034_x264 2770 4980
Fighting035_x264 120 200
Fighting036_x264 0 720 1380 3100 3470 3680
Fighting037_x264 3270 3430
Fighting038_x264 320 790
Fighting039_x264 790 2750 3590 4330
Fighting040_x264 710 2150
Fighting041_x264 19010 19550
Fighting043_x264 520 1720
Fighting044_x264 310 1070 1800 1860 2310 2360 2320 6140
Fighting045_x264 840 2000 3700 4280
Fighting048_x264 2850 3080
Fighting049_x264 540 1000
Fighting050_x264 11650 17020 17210 17490 18180 18280 18440 18710 19540 21120
Fighting051_x264 1240 1620 2170 2640 4540 6040
RoadAccidents003_x264 240 330
RoadAccidents005_x264 70 110
RoadAccidents006_x264 100 300
RoadAccidents007_x264 270 370
RoadAccidents008_x264 180 310
RoadAccidents013_x264 370 1340
RoadAccidents014_x264 270 890 1920 2370 6750 6940 7570 8760 9140 9260
RoadAccidents015_x264 640 750
RoadAccidents018_x264 370 430
RoadAccidents023_x264 1170 1200
RoadAccidents024_x264 210 290
RoadAccidents025_x264 400 600
RoadAccidents026_x264 80 110
RoadAccidents027_x264 70 90
RoadAccidents028_x264 200 340
RoadAccidents029_x264 70 160
RoadAccidents030_x264 1060 1150
RoadAccidents031_x264 60 150
RoadAccidents032_x264 330 410 440 700
RoadAccidents033_x264 250 380
RoadAccidents034_x264 200 360
RoadAccidents035_x264 30 130
RoadAccidents036_x264 130 480
RoadAccidents037_x264 460 810
RoadAccidents038_x264 80 160
RoadAccidents039_x264 70 190
RoadAccidents040_x264 390 670
RoadAccidents041_x264 60 120
RoadAccidents042_x264 370 650
RoadAccidents043_x264 60 110
RoadAccidents044_x264 80 140
RoadAccidents046_x264 250 290
RoadAccidents047_x264 180 240
RoadAccidents048_x264 250 320
RoadAccidents049_x264 360 430
RoadAccidents050_x264 270 350
RoadAccidents051_x264 210 250
RoadAccidents052_x264 130 210
RoadAccidents053_x264 630 680
RoadAccidents054_x264 450 590
RoadAccidents055_x264 350 440 760 830
RoadAccidents056_x264 260 310
RoadAccidents058_x264 280 430
RoadAccidents059_x264 150 240
RoadAccidents060_x264 180 310
RoadAccidents061_x264 300 390
RoadAccidents062_x264 50 110 3120 3170
RoadAccidents063_x264 1170 1210
RoadAccidents064_x264 500 600
RoadAccidents065_x264 60 90
RoadAccidents066_x264 200 280
RoadAccidents067_x264 520 580
RoadAccidents068_x264 600 720
RoadAccidents069_x264 110 230
RoadAccidents070_x264 270 360
RoadAccidents071_x264 380 440
RoadAccidents072_x264 590 660
RoadAccidents073_x264 450 490
RoadAccidents074_x264 390 510 1210 1300
RoadAccidents075_x264 90 270
RoadAccidents076_x264 1260 1400
RoadAccidents077_x264 640 700
RoadAccidents078_x264 1500 1550
RoadAccidents079_x264 140 590 860 1060
RoadAccidents080_x264 180 280 420 480
RoadAccidents081_x264 480 640 800 900
RoadAccidents082_x264 570 710
RoadAccidents083_x264 280 490
RoadAccidents084_x264 390 480
RoadAccidents085_x264 430 550
RoadAccidents086_x264 200 280
RoadAccidents087_x264 1170 1270
RoadAccidents088_x264 140 300 770 1070
RoadAccidents089_x264 410 640
RoadAccidents090_x264 210 300
RoadAccidents091_x264 450 500
RoadAccidents092_x264 100 180
RoadAccidents093_x264 220 290
RoadAccidents094_x264 160 240
RoadAccidents095_x264 280 360
RoadAccidents096_x264 130 240
RoadAccidents097_x264 590 640
RoadAccidents098_x264 860 1010
RoadAccidents099_x264 470 610
RoadAccidents100_x264 170 330
RoadAccidents101_x264 180 220
RoadAccidents102_x264 110 150
RoadAccidents103_x264 100 140 470 640
RoadAccidents104_x264 40 810
RoadAccidents105_x264 220 330
RoadAccidents106_x264 350 390
RoadAccidents107_x264 240 350 500 710
RoadAccidents108_x264 910 1020
RoadAccidents109_x264 10 80
RoadAccidents110_x264 120 240
RoadAccidents111_x264 510 550
RoadAccidents112_x264 290 920
RoadAccidents113_x264 490 630
RoadAccidents114_x264 490 550
RoadAccidents115_x264 170 260
RoadAccidents116_x264 340 410
RoadAccidents117_x264 320 390
RoadAccidents118_x264 170 310
RoadAccidents119_x264 420 560
RoadAccidents120_x264 190 300
RoadAccidents129_x264 120 210
RoadAccidents130_x264 80 300
RoadAccidents134_x264 70 140
RoadAccidents136_x264 110 220 1660 1780
RoadAccidents137_x264 370 500
RoadAccidents138_x264 320 780
RoadAccidents140_x264 430 550
RoadAccidents141_x264 150 220 520 660
RoadAccidents142_x264 2910 3050
RoadAccidents144_x264 160 340
RoadAccidents145_x264 420 520
RoadAccidents146_x264 410 500
RoadAccidents147_x264 2460 2640
RoadAccidents148_x264 7030 7160
RoadAccidents150_x264 130 850
RoadAccidents151_x264 30 420 440 660 
Robbery001_x264 570 680
Robbery002_x264 260 1320
Robbery003_x264 310 980
Robbery004_x264 370 1130
Robbery005_x264 300 870
Robbery006_x264 500 2460
Robbery007_x264 680 1910
Robbery008_x264 580 2230
Robbery009_x264 1010 2880
Robbery010_x264 1290 2490
Robbery011_x264 300 1590
Robbery012_x264 350 680
Robbery013_x264 60 3530
Robbery014_x264 4210 6910
Robbery015_x264 20 2520
Robbery016_x264 830 1250
Robbery017_x264 1280 3520
Robbery018_x264 740 2830
Robbery019_x264 300 5760
Robbery020_x264 1320 2600
Robbery021_x264 120 7120
Robbery022_x264 290 3400
Robbery023_x264 160 920
Robbery024_x264 100 2390
Robbery025_x264 130 1460
Robbery026_x264 4240 5980
Robbery027_x264 730 2910
Robbery028_x264 130 1380
Robbery030_x264 170 2650
Robbery031_x264 400 960
Robbery032_x264 1030 1450
Robbery033_x264 90 940
Robbery034_x264 400 5520
Robbery035_x264 3070 4410
Robbery036_x264 550 970
Robbery039_x264 390 450
Robbery040_x264 650 1020
Robbery041_x264 30 1310
Robbery042_x264 1200 2030
Robbery043_x264 40 1020
Robbery044_x264 150 460
Robbery045_x264 1010 2180
Robbery046_x264 160 450
Robbery047_x264 70 1330
Robbery049_x264 720 1970
Robbery051_x264 210 1540
Robbery052_x264 1610 1720 1830 3600
Robbery053_x264 600 970
Robbery054_x264 1510 1800
Robbery055_x264 2540 2820
Robbery056_x264 120 2710
Robbery057_x264 80 2060
Robbery058_x264 180 1530
Robbery059_x264 320 9710
Robbery060_x264 310 2100
Robbery061_x264 500 2510
Robbery062_x264 110 1740
Robbery063_x264 520 1310
Robbery064_x264 700 1370
Robbery065_x264 70 2390
Robbery066_x264 0 1160
Robbery067_x264 770 2510
Robbery068_x264 250 390
Robbery069_x264 550 680
Robbery070_x264 10 590
Robbery071_x264 320 1340
Robbery072_x264 320 110
Robbery073_x264 3820 7230
Robbery074_x264 150 450
Robbery075_x264 110 2600
Robbery076_x264 520 550
Robbery077_x264 60 810
Robbery078_x264 290 670 860 2050
Robbery079_x264 230 740
Robbery080_x264 300 1600
Robbery081_x264 340 1420 1790 3550
Robbery082_x264 60 160 530 1400
Robbery083_x264 110 960
Robbery084_x264 210 2950
Robbery085_x264 140 1850
Robbery086_x264 1830 2920
Robbery087_x264 40 100
Robbery088_x264 0 4250
Robbery089_x264 50 250
Robbery090_x264 830 2270
Robbery091_x264 300 1840
Robbery092_x264 270 450
Robbery093_x264 380 430
Robbery099_x264 820 1600
Robbery100_x264 970 4130
Robbery101_x264 1190 2180
Robbery103_x264 670 1840
Robbery104_x264 640 1470
Robbery105_x264 610 1200
Robbery107_x264 660 1200
Robbery108_x264 350 1380
Robbery109_x264 130 3000
Robbery110_x264 0 2150
Robbery111_x264 990 4800
Robbery112_x264 860 1080
Robbery113_x264 170 510
Robbery114_x264 680 1350
Robbery115_x264 100 1670
Robbery116_x264 310 440
Robbery118_x264 90 1210
Robbery119_x264 370 1620
Robbery120_x264 260 770
Robbery122_x264 790 980
Robbery123_x264 170 750
Robbery124_x264 1350 9550
Robbery125_x264 4500 4880
Robbery126_x264 550 1100
Robbery127_x264 60 860
Robbery128_x264 410 1040
Robbery129_x264 80 1750
Robbery130_x264 90 1740
Robbery131_x264 90 1470
Robbery132_x264 210 600
Robbery133_x264 300 1430
Robbery134_x264 350 620
Robbery135_x264 320 1370 2250 3280
Robbery136_x264 150 1100
Robbery137_x264 90 620
Robbery138_x264 0 940
Robbery139_x264 310 950
Robbery140_x264 520 1060
Robbery141_x264 650 1200 1970 2500 3290 3980
Robbery142_x264 800 2470
Robbery143_x264 190 710
Robbery144_x264 640 800
Robbery145_x264 110 1270
Robbery146_x264 80 1630
Robbery147_x264 210 760
Robbery148_x264 360 390
Robbery149_x264 110 740
Robbery150_x264 2500 3590
Shooting001_x264 80 230
Shooting003_x264 640 1000
Shooting005_x264 860 1860 3440 4430
Shooting006_x264 8640 9060
Shooting009_x264 4140 4200
Shooting012_x264 1380 1510
Shooting014_x264 210 370 5670 5860
Shooting017_x264 630 750
Shooting020_x264 2120 2190 3650 4000
Shooting025_x264 700 1470
Shooting027_x264 330 650
Shooting030_x264 390 1360
Shooting031_x264 680 820 760 880 1330 1380 1400 1570 1630 1710
Shooting036_x264 220 3750
Shooting038_x264 320 630 1140 1280
Shooting039_x264 670 820
Shooting040_x264 500 640
Shooting041_x264 460 590
Shooting042_x264 1090 1220
Shooting050_x264 1370 1660
Shooting051_x264 440 630 870 1200
Shooting052_x264 1860 2070 3570 3800
Shooting053_x264 80 710
Shooting054_x264 140 280
Shoplifting003_x264 7400 8020
Shoplifting006_x264 1430 1770 2280 2500 2570 3020
Shoplifting008_x264 4780 5550
Shoplifting009_x264 4340 5200
Shoplifting012_x264 7990 8120 1056 1142
Shoplifting013_x264 540 2020
Shoplifting014_x264 11500 12490 20800 22790 34020 36410 49860 60810
Shoplifting018_x264 330 2130
Shoplifting019_x264 230 420
Shoplifting024_x264 800 11200
Shoplifting025_x264 410 1820
Shoplifting026_x264 170 1400
Shoplifting032_x264 670 1220
Shoplifting036_x264 3130 3510
Shoplifting035_x264 790 1440
Shoplifting038_x264 2420 2580
Shoplifting040_x264 13020 13830
Stealing002_x264 890 2670
Stealing004_x264 5640 6580
Stealing006_x264 2530 3100
Stealing007_x264 340 2870
Stealing008_x264 1440 4870
Stealing009_x264 250 1590
Stealing010_x264 2550 2880
Stealing011_x264 1700 3670
Stealing012_x264 2020 2600
Stealing013_x264 5880 7540
Stealing014_x264 90 2420 2850 3310
Stealing015_x264 470 1740
Stealing016_x264 660 2220
Stealing017_x264 420 1830
Stealing018_x264 110 1880
Stealing020_x264 1380 5760
Stealing021_x264 0 4080
Stealing022_x264 700 2440
Stealing023_x264 2080 4960
Stealing025_x264 17550 20690
Stealing026_x264 1240 2400
Stealing027_x264 150 1760
Stealing028_x264 1160 1450
Stealing029_x264 130 340
Stealing030_x264 300 710
Stealing031_x264 80 1030
Stealing035_x264 5200 6330
Stealing037_x264 820 4430
Stealing042_x264 40 4190
Stealing043_x264 290 3940
Stealing044_x264 40 1360 1600 3070
Stealing045_x264 3160 9630
Stealing047_x264 570 880
Stealing048_x264 980 7530
Stealing049_x264 650 1470
Stealing050_x264 590 3110
Stealing051_x264 650 2560
Stealing052_x264 160 3340
Stealing053_x264 100 10290
Stealing054_x264 1690 2140
Stealing055_x264 430 1280
Stealing057_x264 860 1340 2350 2880
Stealing059_x264 1250 1920
Stealing060_x264 580 1120
Stealing061_x264 510 2150
Stealing063_x264 1570 4240
Stealing065_x264 700 5380
Stealing066_x264 230 580 880 1270
Stealing068_x264 1400 2640 3830 4730 5290 6490
Stealing070_x264 390 1160
Stealing071_x264 200 960
Stealing072_x264 0 10520
Stealing073_x264 520 1350
Stealing074_x264 460 1580
Stealing075_x264 0 4690
Stealing078_x264 570 2130
Stealing080_x264 190 1040
Stealing081_x264 570 1190
Stealing082_x264 650 1460
Stealing083_x264 2370 3960
Stealing084_x264 1310 1740 4590 8180 8720 12620 14600 15000
Stealing086_x264 11970 12600
Stealing087_x264 70 4860
Stealing089_x264 320 12180
Stealing091_x264 240 480
Stealing092_x264 2100 3530 7100 10180
Stealing093_x264 590 960
Stealing094_x264 550 3580
Stealing095_x264 410 590
Stealing096_x264 1590 3820 4640 5390
Stealing097_x264 200 560
Stealing098_x264 1360 3310
Stealing100_x264 600 2120 3100 9080
Stealing101_x264 1510 2080
Stealing102_x264 460 920
Stealing103_x264 360 5120
Stealing104_x264 760 3040
Stealing105_x264 140 660
Stealing106_x264 50 1350
Stealing107_x264 320 4390
Stealing108_x264 860 3920
Stealing109_x264 3240 8520
Stealing110_x264 530 1460
Stealing111_x264 540 4630
Stealing112_x264 370 2000
Stealing113_x264 390 1490
Vandalism001_x264 450 1430
Vandalism002_x264 0 1840
Vandalism003_x264 600 650
Vandalism004_x264 130 1690 1950 2610
Vandalism005_x264 630 1030
Vandalism006_x264 0 790
Vandalism008_x264 3090 3570
Vandalism009_x264 510 940
Vandalism010_x264 2130 2480 2720 3310
Vandalism011_x264 920 2840
Vandalism012_x264 420 660
Vandalism013_x264 2130 2360
Vandalism014_x264 60 240
Vandalism018_x264 2870 3060 3620 3770
Vandalism019_x264 800 1150
Vandalism020_x264 510 760
Vandalism021_x264 30 1280
Vandalism022_x264 220 1320 1420 2120 2480 2630 2920 3480
Vandalism023_x264 5100 5710
Vandalism024_x264 630 750
Vandalism026_x264 420 650
Vandalism027_x264 240 590
Vandalism029_x264 0 300
Vandalism030_x264 60 1300
Vandalism031_x264 300 1120 1260 1550
Vandalism032_x264 190 300
Vandalism033_x264 0 210 330 2210
Vandalism034_x264 670 1750
Vandalism035_x264 140 540
Vandalism037_x264 280 510 1030 1110
Vandalism038_x264 390 2150
Vandalism039_x264 510 580
Vandalism040_x264 40 290
Vandalism041_x264 230 1490 2220 2880
Vandalism042_x264 1130 1790 2000 3110
Vandalism043_x264 50 130 900 1400 1780 2190 2900 3230
Vandalism044_x264 180 2610 3660 4600
Vandalism045_x264 780 3790
Vandalism046_x264 770 1030
Vandalism047_x264 120 170 1630 1690 2250 2480
Vandalism048_x264 3010 5280
Vandalism049_x264 110 720 1460 2490 3740 4120 4460 4670 4870 5930
Vandalism050_x264 60 890
